1 0.04807692307692308 0.09855769230769232 0.0 0.0
1 0.04807692307692308 0.09855769230769232 0.0 0.0
1 0.04807692307692308 0.09855769230769232 0.0 0.0
1 0.04807692307692308 0.09855769230769232 0.0 0.0
1 0.04807692307692308 0.09855769230769232 0.0 0.0
1 0.04807692307692308 0.09855769230769232 0.0 0.0
1 0.04807692307692308 0.09855769230769232 0.0 0.0
1 0.04807692307692308 0.09855769230769232 0.0 0.0
1 0.04807692307692308 0.09855769230769232 0.0 0.0
1 0.04807692307692308 0.09855769230769232 0.0 0.0
1 0.04807692307692308 0.09855769230769232 0.0 0.0
1 0.04807692307692308 0.09855769230769232 0.0 0.0
1 0.04807692307692308 0.09855769230769232 0.0 0.0
1 0.04807692307692308 0.09855769230769232 0.0 0.0
1 0.04807692307692308 0.09855769230769232 0.0 0.0
1 0.04807692307692308 0.09855769230769232 0.0 0.0
1 0.04807692307692308 0.09855769230769232 0.0 0.0
1 0.04807692307692308 0.09855769230769232 0.0 0.0
1 0.04807692307692308 0.09855769230769232 0.0 0.0
1 0.04807692307692308 0.09855769230769232 0.0 0.0
1 0.04807692307692308 0.09855769230769232 0.0 0.0
1 0.04807692307692308 0.09855769230769232 0.0 0.0
1 0.04807692307692308 0.09855769230769232 0.0 0.0
1 0.04807692307692308 0.09855769230769232 0.0 0.0
1 0.04807692307692308 0.09855769230769232 0.0 0.0
1 0.04807692307692308 0.09855769230769232 0.0 0.0
1 0.04807692307692308 0.09855769230769232 0.0 0.0
1 0.04807692307692308 0.09855769230769232 0.0 0.0
1 0.04807692307692308 0.09855769230769232 0.0 0.0
1 0.04807692307692308 0.09855769230769232 0.0 0.0
1 0.04807692307692308 0.09855769230769232 0.0 0.0
1 0.04807692307692308 0.09855769230769232 0.0 0.0
1 0.04807692307692308 0.09855769230769232 0.0 0.0
